0 0.461884154460719 0.9513981358189082 0.11085219707057263 0.09720372836218374
0 0.9449067909454056 0.922103861517976 0.11018641810918711 0.1557922769640478
0 0.6516311584553928 0.3628495339547271 0.05892143808255661 0.08655126498002662
0 0.5622503328894807 0.4973368841544607 0.10386151797603205 0.13715046604527295
0 0.46637816245006664 0.5406125166444741 0.07190412782956052 0.13848202396804254
0 0.3350532623169108 0.47802929427430096 0.06890812250332885 0.1438082556591212
0 0.41694407456724364 0.43275632490013316 0.07490013315579226 0.11451398135818906
0 0.481358189081225 0.3861517976031958 0.025965379494007977 0.09320905459387482
0 0.49883488681757654 0.36484687083888145 0.030958721704394208 0.0772303595206391
0 0.3500332889480693 0.396138482023968 0.05892143808255661 0.09720372836218374
0 0.31358189081225035 0.3715046604527296 0.04593874833555265 0.08788282290279632
0 0.2771304926764314 0.3535286284953395 0.046937416777629866 0.09187749667110516
0 0.2007323568575233 0.336884154460719 0.049933422103861494 0.07456724367509984
0 0.13482023968042608 0.3195739014647137 0.059920106524633816 0.06924101198402134
