0 0.4234354194407456 0.8675099866844207 0.10386151797603198 0.24101198402130491
0 0.416444740346205 0.481358189081225 0.06591211717709719 0.11584553928095857
0 0.3155792276964048 0.42942743009320905 0.05392809587217041 0.11051930758988014
0 0.7370173102529961 0.522636484687084 0.09986684420772306 0.13182423435419444
0 0.5317909454061251 0.45872170439414117 0.09087882822902799 0.1211717709720373
0 0.6146804260985352 0.3588548601864182 0.05692410119840226 0.08122503328894798
0 0.7809587217043941 0.40479360852197077 0.06790945406125161 0.09587217043941415
0 0.21970705725699066 0.32490013315579225 0.03994673768308921 0.06657789613848206
0 0.16128495339547272 0.3195739014647137 0.05892143808255661 0.07456724367509984
0 0.37999334221038616 0.38348868175765644 0.06890812250332885 0.09587217043941415
