0 0.43641810918774965 0.9021304926764314 0.11185086551264974 0.19573901464713714
0 0.6651131824234353 0.5079893475366178 0.08788282290279632 0.14247669773635152
0 0.6301597869507323 0.3561917443408788 0.04993342210386146 0.07057256990679094
0 0.8049267643142477 0.41078561917443407 0.05392809587217059 0.07856191744340883
0 0.43242343541944067 0.4966711051930759 0.04793608521970704 0.1198402130492677
0 0.32656458055925436 0.4487350199733689 0.03794940079893479 0.10918774966711048
0 0.4833555259653795 0.44940079893475365 0.07589880159786958 0.10785619174434088
0 0.40995339547270304 0.41145139813581894 0.060918774966711026 0.09587217043941415
0 0.2072237017310253 0.32689747003994674 0.048934753661784285 0.07856191744340879
0 0.15029960053262315 0.3169107856191744 0.0629161118508655 0.07989347536617845
0 0.47936085219707053 0.37017310252996005 0.0419440745672437 0.06391478029294277
0 0.09836884154460719 0.30625832223701727 0.040945406125166436 0.07190412782956056
