0 0.7280292942743009 0.42609853528628494 0.05592543275632494 0.08788282290279625
0 0.5997003994673767 0.9214380825565912 0.11684420772303597 0.15712383488681753
0 0.48934753661784286 0.9327563249001333 0.11384820239680422 0.1344873501997337
0 0.3670106524633821 0.8841544607190412 0.09886817576564579 0.23169107856191742
0 0.49833555259653795 0.7596537949400798 0.08189081225033285 0.20905459387483347
0 0.03994673768308921 0.8455392809587211 0.07989347536617843 0.25299600532623157
0 0.35302929427430085 0.6324900133155793 0.08488681757656458 0.1917443408788283
0 0.2601531291611185 0.49001331557922767 0.06491344873502002 0.13581890812250336
0 0.38099201065246335 0.3621837549933422 0.028961384820239716 0.07989347536617843
0 0.271138482023968 0.32623169107856187 0.0309587217043941 0.0905459387483355
