0 0.8863182423435418 0.9387483355525964 0.10086551264980032 0.12250332889480703
0 0.5148135818908122 0.5792276964047935 0.08688415446071901 0.1624500665778961
0 0.468375499334221 0.47470039946737685 0.07989347536617843 0.1264980026631158
0 0.47386817576564577 0.4041278295605859 0.04494007989347537 0.09986684420772299
0 0.5043275632490013 0.3848202396804261 0.0359520639147803 0.0905459387483355
0 0.6701065246338215 0.3561917443408788 0.05392809587217059 0.09986684420772303
0 0.36251664447403464 0.5173102529960053 0.04993342210386146 0.12649800266311587
0 0.3645139813581891 0.42143808255659126 0.06790945406125161 0.1158455392809588
0 0.3000998668442077 0.3848202396804261 0.048934753661784285 0.10652463382157124
0 0.34953395472703064 0.3601864181091878 0.03794940079893472 0.07057256990679087
0 0.26614513981358184 0.3561917443408788 0.044940079893475406 0.09986684420772303
0 0.18924766977363514 0.3448735019973369 0.048934753661784285 0.10119840213049262
0 0.1188415446071904 0.31624500665778965 0.06391478029294273 0.08388814913448733
0 0.06341544607190412 0.37616511318242346 0.042942743009320904 0.09454061251664449
