0 0.422936085219707 0.885486018641811 0.11284953395472705 0.22902796271637813
0 0.7040612516644473 0.5252996005326231 0.09786950732356871 0.12383488681757662
0 0.511318242343542 0.4507323568575232 0.08588548601864182 0.11051930758988014
0 0.4224367509986684 0.4840213049267643 0.05592543275632494 0.12649800266311587
0 0.3235685752330227 0.44207723035952057 0.0419440745672437 0.1118508655126498
0 0.47736351531291604 0.3541944074567243 0.03794940079893472 0.08255659121171771
0 0.21970705725699066 0.329560585885486 0.031957390146471386 0.07856191744340883
0 0.15878828229027964 0.3182423435419441 0.057922769640479356 0.0692410119840213
0 0.08488681757656458 0.3089214380825566 0.0459387483355526 0.07723035952063913
0 0.6256657789613848 0.3601864181091878 0.05492676431424755 0.0758988015978695
