0 0.7030625832223701 0.9194407456724367 0.14780292942743017 0.1611185086551265
0 0.742010652463382 0.3788282290279627 0.049933422103861605 0.08655126498002659
0 0.446404793608522 0.7416777629826897 0.1118508655126498 0.21304926764314247
0 0.43791611185086554 0.5386151797603196 0.0629161118508656 0.1291611185086552
0 0.4868508655126497 0.48601864181091886 0.05692410119840211 0.1384820239680426
0 0.4908455392809587 0.3848202396804261 0.042942743009320876 0.09587217043941408
0 0.32057256990679095 0.39081225033288947 0.02996005326231696 0.09986684420772299
0 0.288115845539281 0.42942743009320905 0.06291611185086549 0.1131824234354194
0 0.24567243675099867 0.3828229027962716 0.035952063914780334 0.09187749667110516
0 0.17726364846870837 0.3841544607190413 0.04094540612516646 0.09986684420772306
0 0.19873501997336881 0.33089214380825566 0.03395472703062584 0.09720372836218374
0 0.22619840213049267 0.35352862849533956 0.03894806924101196 0.07856191744340876
0 0.13931424766977363 0.3388814913448735 0.04094540612516646 0.08655126498002662
0 0.11085219707057256 0.32689747003994674 0.037949400798934774 0.0838881491344874
0 0.0659121171770972 0.3681757656458056 0.04793608521970705 0.09454061251664449
0 0.18125832223701732 0.2536617842876165 0.020972037283621816 0.05459387483355524
