0 0.5123169107856191 0.8535286284953395 0.1198402130492677 0.26631158455392806
0 0.45589214380825566 0.5912117177097204 0.07689747003994675 0.1677762982689748
0 0.4643808255659121 0.5213049267643143 0.07989347536617843 0.12916111850865505
0 0.5113182423435418 0.40612516644474034 0.05592543275632487 0.11717709720372838
0 0.31458055925432754 0.4007989347536618 0.03994673768308921 0.09587217043941415
0 0.2601531291611185 0.41611185086551267 0.060918774966711026 0.13182423435419438
0 0.17276964047936083 0.40479360852197066 0.03395472703062584 0.11717709720372838
0 0.0853861517976032 0.35086551264980026 0.03695073235685752 0.09986684420772306
0 0.15329560585885482 0.3235685752330226 0.04094540612516649 0.09054593874833561
0 0.22569906790945404 0.3794940079893475 0.03595206391478026 0.11451398135818906
0 0.2007323568575233 0.3262316910785619 0.029960053262316926 0.09320905459387487
0 0.42393475366178424 0.2956058588548602 0.03894806924101196 0.06125166444740348
0 0.7769640479360851 0.3821571238348868 0.06790945406125175 0.06924101198402134
0 0.12183754993342209 0.31358189081225035 0.029960053262316908 0.08921438082556594
