0 0.478861517976032 0.8089214380825567 0.11684420772303597 0.2356857523302263
0 0.7350199733688416 0.9573901464713714 0.13182423435419438 0.08521970705725707
0 0.7579893475366177 0.3754993342210387 0.05792276964047907 0.08788282290279627
0 0.4993342210386152 0.3994673768308921 0.0359520639147803 0.09320905459387482
0 0.4738681757656458 0.5126498002663117 0.06291611185086551 0.1331557922769641
0 0.43591877496671105 0.5679094540612517 0.08089214380825567 0.15046604527296936
0 0.31657789613848203 0.39547270306258325 0.031957390146471386 0.09320905459387482
0 0.2756324900133156 0.4207723035952064 0.047936085219707075 0.11717709720372838
0 0.2311917443408788 0.374167776298269 0.03495339547270307 0.08788282290279618
0 0.17276964047936083 0.39280958721704395 0.04394141145139816 0.10119840213049272
0 0.14580559254327563 0.33422103861517977 0.02796271637816245 0.10386151797603191
0 0.11235019973368841 0.3202396804260985 0.02696404793608522 0.08388814913448733
0 0.07190412782956057 0.35685752330226367 0.04194407456724367 0.0932090545938748
0 0.19973368841544606 0.3255659121171771 0.03395472703062584 0.0838881491344873
