0 0.6895805592543276 0.8781624500665779 0.13082556591211733 0.24101198402130491
0 0.4339214380825565 0.6864181091877497 0.0948735019973369 0.19840213049267638
0 0.44340878828229024 0.5039946737683089 0.04793608521970704 0.12916111850865505
0 0.5043275632490013 0.46338215712383485 0.045938748335552615 0.11984021304926763
0 0.4808588548601864 0.3675099866844208 0.03894806924101204 0.08255659121171774
0 0.33005992010652463 0.3841544607190413 0.03495339547270305 0.08921438082556592
0 0.3110852197070573 0.4314247669773635 0.05292942743009323 0.11451398135818906
0 0.25815579227696406 0.3868175765645806 0.04094540612516646 0.10785619174434082
0 0.2311917443408788 0.3575233022636485 0.030958721704394135 0.09187749667110516
0 0.210219707057257 0.33222370173102533 0.03894806924101196 0.09986684420772299
0 0.17526631158455394 0.37616511318242346 0.038948069241012 0.09454061251664449
0 0.12982689747003995 0.3561917443408788 0.04394141145139813 0.1158455392809588
0 0.10136484687083888 0.3302263648468708 0.022969374167776304 0.09054593874833557
