0 0.5357856191744341 0.9041278295605859 0.13482023968042603 0.19174434087882816
0 0.4588881491344873 0.6464713715046605 0.08488681757656458 0.16910785619174434
0 0.44540612516644473 0.5639147802929427 0.08388814913448733 0.14513981358189085
0 0.5168109187749667 0.4247669773635153 0.05892143808255661 0.10918774966711055
0 0.30309587217043943 0.40745672436750996 0.046937416777629755 0.10119840213049265
0 0.2441744340878828 0.41211717709720375 0.042942743009320876 0.10519307589880164
0 0.21870838881491345 0.37017310252996005 0.029960053262316926 0.08521970705725707
0 0.1722703062583222 0.41411451398135823 0.04693741677762983 0.11451398135818913
0 0.09137816245006658 0.3501997336884155 0.032956058588548595 0.07723035952063917
0 0.15928761651131823 0.31491344873502 0.024966711051930764 0.08655126498002666
0 0.125832223701731 0.3089214380825566 0.023968042609853538 0.07989347536617845
0 0.4578894806924101 0.30492676431424764 0.03495339547270305 0.06657789613848202
0 0.788948069241012 0.38681757656458055 0.04194407456724363 0.07057256990679094
0 0.19823568575233022 0.322237017310253 0.02696404793608522 0.07989347536617843
