0 0.7290279627163782 0.9320905459387484 0.1018641810918774 0.13581890812250336
0 0.46637816245006664 0.7703062583222371 0.0758988015978695 0.21970705725699077
0 0.44241011984021306 0.5552596537949401 0.04194407456724363 0.1384820239680426
0 0.48535286284953394 0.5006657789613849 0.045938748335552615 0.12516644474034627
0 0.4923435419440746 0.3941411451398136 0.03994673768308921 0.09587217043941415
0 0.7509986684420773 0.3794940079893475 0.05193075898801609 0.08255659121171774
0 0.3190745672436751 0.3921438082556591 0.026964047936085294 0.08921438082556592
0 0.2831225033288948 0.42609853528628494 0.05692410119840211 0.12782956058588546
0 0.2406790945406125 0.381491344873502 0.04194407456724367 0.09187749667110523
0 0.17726364846870837 0.3868175765645806 0.048934753661784285 0.11318242343541947
0 0.1378162450066578 0.3402130492676432 0.03794940079893474 0.09454061251664449
0 0.10935419440745672 0.32223701731025295 0.036950732356857544 0.09054593874833554
0 0.07490013315579228 0.36484687083888145 0.047936085219707054 0.09054593874833554
