0 0.95788948069241 0.9107856191744341 0.08422103861517982 0.17842876165113183
0 0.45239680426098533 0.929427430093209 0.09986684420772306 0.14114513981358187
0 0.585219707057257 0.49667110519307583 0.11185086551264974 0.14380825565912111
0 0.4503994673768308 0.521970705725699 0.06790945406125168 0.151797603195739
0 0.3320572569906791 0.46937416777629826 0.048934753661784285 0.1291611185086552
0 0.43442077230359516 0.4394141145139814 0.08388814913448733 0.09587217043941415
0 0.47786284953395464 0.3828229027962716 0.04494007989347544 0.08921438082556599
0 0.4938415446071904 0.3601864181091878 0.03295605858854856 0.09187749667110516
0 0.6346537949400799 0.3655126498002663 0.06491344873501995 0.07856191744340876
0 0.3665113182423437 0.4054593874833555 0.057922769640479314 0.08388814913448743
0 0.3305592543275633 0.37816245006657795 0.04993342210386153 0.085219707057257
0 0.2966045272969374 0.36684420772303594 0.057922769640479356 0.08921438082556592
0 0.20522636484687085 0.33555259653794933 0.04693741677762983 0.07190412782956052
0 0.14330892143808258 0.3182423435419441 0.05892143808255662 0.0719041278295606
