0 0.8713382157123835 0.9467376830892144 0.09287616511318247 0.10652463382157124
0 0.5322902796271637 0.6051930758988016 0.09187749667110516 0.1691078561917444
0 0.43791611185086554 0.4653794940079893 0.08688415446071908 0.13182423435419438
0 0.362017310252996 0.5226364846870838 0.060918774966711026 0.14247669773635147
0 0.47586551264980015 0.4194407456724367 0.03894806924101196 0.10652463382157124
0 0.5063249001331558 0.39547270306258325 0.03994673768308914 0.1065246338215713
0 0.6746005326231694 0.3675099866844207 0.06491344873502065 0.08521970705725682
0 0.3500332889480693 0.41611185086551267 0.06691078561917443 0.11051930758988021
0 0.2911118508655126 0.3794940079893475 0.0449400798934753 0.09320905459387475
0 0.2551597869507324 0.35352862849533956 0.04294274300932091 0.09720372836218377
0 0.184254327563249 0.34753661784287615 0.04494007989347537 0.09587217043941408
0 0.10535952063914779 0.30825565912117175 0.07090545938748334 0.09454061251664445
0 0.06141810918774966 0.42676431424766975 0.040945406125166436 0.1291611185086551
