0 0.6251664447403462 0.9567243675099867 0.15179760319573896 0.08655126498002659
0 0.49384154460719043 0.9780292942743009 0.10286284953395473 0.04394141145139813
0 0.33655126498002647 0.9041278295605845 0.09587217043941405 0.19174434087882808
0 0.49833555259653795 0.8169107856191744 0.08788282290279625 0.23035952063914777
0 0.3874833555259653 0.6810918774966711 0.07390146471371502 0.19041278295605862
0 0.04344207723035952 0.8668442077230359 0.08688415446071904 0.26631158455392806
0 0.2726364846870839 0.5073235685752331 0.059920106524633816 0.12782956058588554
0 0.3824900133155792 0.36884154460719043 0.045938748335552615 0.085219707057257
0 0.26764314247669774 0.3402130492676432 0.033954727030625874 0.11051930758988014
0 0.3275632490013315 0.30825565912117175 0.02796271637816254 0.07589880159786948
