0 0.9092876165113182 0.9360852197070573 0.09886817576564581 0.12782956058588554
0 0.4993342210386152 0.5679094540612516 0.06591211717709719 0.1478029294274301
0 0.4958388814913448 0.4760319573901464 0.08688415446071901 0.12383488681757654
0 0.47936085219707053 0.3981358189081225 0.0359520639147803 0.09054593874833557
0 0.5013315579227696 0.3748335552596538 0.031957390146471386 0.09454061251664449
0 0.3485352862849534 0.4993342210386152 0.059920106524633816 0.1384820239680426
0 0.3784953395472704 0.42343541944074575 0.07390146471371502 0.1171770972037283
0 0.3155792276964048 0.39081225033288947 0.04993342210386156 0.10785619174434082
0 0.27013981358189076 0.3601864181091877 0.05692410119840215 0.09454061251664445
0 0.355525965379494 0.3575233022636485 0.03595206391478022 0.08388814913448733
0 0.1917443408788283 0.33621837549933425 0.03395472703062586 0.08655126498002667
0 0.12733022636484687 0.3122503328894807 0.05492676431424766 0.08122503328894809
0 0.06541278295605858 0.37683089214380827 0.048934753661784285 0.08788282290279625
0 0.6541278295605858 0.3655126498002663 0.06591211717709726 0.0758988015978695
0 0.8628495339547269 0.4327563249001331 0.0639147802929423 0.08255659121171774
0 0.8308921438082555 0.3914780292942743 0.04194407456724363 0.0772303595206391
0 0.19873501997336881 0.2756324900133156 0.029960053262316926 0.0559254327563249
