0 0.932756324900133 0.9254327563249001 0.11584553928095857 0.14913448735019968
0 0.48385486018641816 0.5532623169107856 0.07090545938748342 0.15845539280958718
0 0.5322902796271637 0.48801597869507324 0.08788282290279625 0.12916111850865505
0 0.33854860186418106 0.485352862849534 0.06191744340878827 0.1424766977363516
0 0.40096537949400796 0.4320905459387482 0.07689747003994679 0.11051930758988018
0 0.48235685752330226 0.39280958721704395 0.0279627163781624 0.09587217043941408
0 0.49883488681757654 0.3695073235685753 0.03894806924101196 0.10252996005326231
0 0.6576231691078561 0.3675099866844208 0.05892143808255661 0.08788282290279632
0 0.8518641810918774 0.42543275632490013 0.05392809587217044 0.09187749667110523
0 0.8234021304926764 0.39280958721704395 0.04094540612516639 0.06924101198402134
0 0.3290612516644474 0.3848202396804261 0.06291611185086551 0.09587217043941408
0 0.30109853528628494 0.37217043941411454 0.038948069241012 0.08122503328894809
0 0.26564580559254325 0.3601864181091878 0.05193075898801599 0.09720372836218381
0 0.1942410119840213 0.340878828229028 0.04094540612516646 0.0932090545938748
0 0.1278295605858855 0.3182423435419441 0.07589880159786952 0.06657789613848202
0 0.19673768308921438 0.2756324900133156 0.03395472703062584 0.07190412782956056
