0 0.6935752330226365 0.8948069241011984 0.12083888149134481 0.21038615179760328
0 0.4429094540612516 0.7070572569906791 0.08089214380825567 0.20239680426098544
0 0.4389147802929428 0.5179760319573902 0.05093209054593878 0.1438082556591212
0 0.4978362183754993 0.47736351531291604 0.03894806924101196 0.12383488681757647
0 0.4843541944074567 0.37683089214380827 0.033954727030625804 0.0905459387483355
0 0.3270639147802929 0.39081225033288947 0.030958721704394135 0.08388814913448733
0 0.29860186418109186 0.42676431424766975 0.057922769640479356 0.11850865512649804
0 0.2496671105193076 0.3821571238348868 0.04394141145139816 0.10119840213049265
0 0.2271970705725699 0.35153129161118507 0.028961384820239643 0.08521970705725704
0 0.2067243675099867 0.340878828229028 0.027962716378162434 0.0932090545938748
0 0.17376830892143807 0.37616511318242346 0.0359520639147803 0.11850865512649808
0 0.125832223701731 0.3442077230359521 0.029960053262316908 0.09986684420772303
0 0.10236351531291611 0.3262316910785619 0.03894806924101196 0.09853528628495344
