0 0.52280292942743 0.8861517976031956 0.11284953395472691 0.2276964047936086
0 0.45089880159786944 0.6191744340878829 0.08089214380825567 0.16245006657789623
0 0.4508988015978695 0.5319573901464714 0.05892143808255654 0.13182423435419444
0 0.5133155792276963 0.4207723035952064 0.04194407456724363 0.1065246338215713
0 0.3050932090545938 0.4027962716378163 0.038948069241012 0.09986684420772306
0 0.25316245006657784 0.4161118508655125 0.048934753661784285 0.10519307589880138
0 0.17576564580559254 0.4027962716378163 0.04793608521970704 0.11318242343541947
0 0.15679094540612515 0.3175765645805592 0.03794940079893475 0.08388814913448733
0 0.12683089214380824 0.31158455392809586 0.03794940079893475 0.08521970705725704
0 0.08688415446071904 0.3462050599201065 0.03395472703062583 0.09054593874833557
0 0.19673768308921438 0.3275632490013316 0.03794940079893475 0.08255659121171774
0 0.2212050599201065 0.36484687083888145 0.03495339547270308 0.103861517976032
0 0.4399134487350199 0.2996005326231691 0.03295605858854856 0.06391478029294277
0 0.7804593874833554 0.38348868175765644 0.0709054593874835 0.06657789613848202
