0 0.5932090545938747 0.9181091877496671 0.10985352862849532 0.16378162450066583
0 0.49334221038615184 0.9227696404793607 0.10985352862849532 0.15446071904127834
0 0.3655126498002662 0.8801597869507318 0.09587217043941405 0.23169107856191737
0 0.48535286284953394 0.7316910785619174 0.06790945406125175 0.21704394141145145
0 0.3450399467376831 0.6158455392809588 0.07490013315579233 0.16644474034620507
0 0.25815579227696406 0.47936085219707053 0.08288948069241013 0.1304926764314248
0 0.041444740346205065 0.8242343541944075 0.08288948069241013 0.24500665778961392
0 0.38348868175765644 0.3601864181091877 0.04993342210386153 0.08655126498002662
0 0.31857523302263646 0.29693741677762986 0.0419440745672437 0.0692410119840213
0 0.275133155792277 0.3182423435419441 0.03695073235685751 0.07456724367509991
