0 0.5502663115845539 0.9287616511318242 0.13182423435419438 0.14247669773635152
0 0.5163115845539281 0.4347536617842876 0.045938748335552546 0.10519307589880164
0 0.30109853528628494 0.41211717709720375 0.03295605858854856 0.09454061251664442
0 0.17426764314247642 0.41677762982689726 0.032956058588548595 0.09587217043941386
0 0.13382157123834887 0.315579227696405 0.021970705725699046 0.08788282290279627
0 0.4763648468708388 0.30692410119840213 0.03994673768308921 0.06790945406125172
0 0.42892809587217046 0.5805592543275633 0.05692410119840211 0.15712383488681753
0 0.47486684420772307 0.6624500665778962 0.07889480692410125 0.16378162450066583
0 0.23968042609853543 0.4074567243675103 0.041944074567243625 0.10918774966711041
0 0.16777629826897467 0.31158455392809586 0.029960053262316926 0.08521970705725704
0 0.21271637816245004 0.36484687083888145 0.03395472703062584 0.09320905459387482
0 0.7934420772303593 0.3874833555259654 0.06291611185086551 0.07456724367509984
0 0.09437416777629824 0.34087882822902793 0.024966711051930747 0.08788282290279621
