0 0.4354194407456724 0.9201065246338216 0.11185086551264974 0.15978695073235685
0 0.6291611185086551 0.507989347536618 0.09187749667110523 0.12117177097203724
0 0.6336551264980025 0.3595206391478029 0.05093209054593881 0.06391478029294279
0 0.4479027962716378 0.511318242343542 0.06491344873501995 0.12250332889480696
0 0.46138482023968036 0.44340878828229024 0.07390146471371502 0.10918774966711048
0 0.47586551264980026 0.3735019973368841 0.03295605858854856 0.08388814913448733
0 0.4938415446071904 0.3521970705725699 0.02696404793608522 0.07856191744340879
0 0.3854860186418109 0.41211717709720375 0.06591211717709719 0.09454061251664442
0 0.3170772303595206 0.4567243675099867 0.06091877496671106 0.12250332889480696
0 0.3125832223701731 0.3695073235685753 0.053928095872170484 0.09454061251664449
0 0.3540279627163782 0.3442077230359521 0.03295605858854856 0.07323568575233025
0 0.20522636484687085 0.333555259653795 0.04294274300932091 0.09454061251664449
0 0.1483022636484687 0.3149134487350199 0.06491344873501997 0.08921438082556588
0 0.1028628495339547 0.30426098535286283 0.04194407456724367 0.07057256990679096
0 0.9683754993342211 0.9181091877496671 0.06324900133155793 0.16378162450066583
